# angle_min_rad,0.001592549
# angle_max_rad,6.281592758
# angle_increment_rad,0.005800000
# time_increment_s,0.000000000
# scan_time_s,0.033333302
# range_min_m,0.300000012
# range_max_m,50.000000000
beam_index,angle_rad,range_m,intensity
0,0.001592549,51.000000000,
1,0.007392549,51.000000000,
2,0.013192549,51.000000000,
3,0.018992548,51.000000000,
4,0.024792548,51.000000000,
5,0.030592548,51.000000000,
6,0.036392548,51.000000000,
7,0.042192548,51.000000000,
8,0.047992548,51.000000000,
9,0.053792548,51.000000000,
10,0.059592548,51.000000000,
11,0.065392548,51.000000000,
12,0.071192548,51.000000000,
13,0.076992548,51.000000000,
14,0.082792548,51.000000000,
15,0.088592548,51.000000000,
16,0.094392548,51.000000000,
17,0.100192547,51.000000000,
18,0.105992547,51.000000000,
19,0.111792547,51.000000000,
20,0.117592547,12.470412254,
21,0.123392547,6.587352753,
22,0.129192547,51.000000000,
23,0.134992547,6.593243122,
24,0.140792547,11.086336136,
25,0.146592547,9.768253326,
26,0.152392547,9.713355064,
27,0.158192547,5.241281033,
28,0.163992547,5.239317417,
29,0.169792547,5.188573837,
30,0.175592546,7.640521049,
31,0.181392546,5.029332638,
32,0.187192546,4.956779480,
33,0.192992546,5.114216805,
34,0.198792546,5.106413841,
35,0.204592546,6.989651203,
36,0.210392546,4.947348118,
37,0.216192546,51.000000000,
38,0.221992546,51.000000000,
39,0.227792546,4.353897095,
40,0.233592546,51.000000000,
41,0.239392546,4.119802475,
42,0.245192546,5.396564960,
43,0.250992546,4.092359066,
44,0.256792545,51.000000000,
45,0.262592545,3.921094418,
46,0.268392545,3.851118565,
47,0.274192545,3.964604139,
48,0.279992545,4.882620335,
49,0.285792545,4.868259907,
50,0.291592545,4.845962524,
51,0.297392545,3.583643675,
52,0.303192545,11.015640259,
53,0.308992545,4.032906055,
54,0.314792545,3.320191860,
55,0.320592545,3.325738192,
56,0.326392545,4.135447502,
57,0.332192544,9.849784851,
58,0.337992544,3.426451921,
59,0.343792544,9.712343216,
60,0.349592544,3.268205166,
61,0.355392544,9.622200012,
62,0.361192544,9.306546211,
63,0.366992544,9.351184845,
64,0.372792544,51.000000000,
65,0.378592544,2.945920944,
66,0.384392544,51.000000000,
67,0.390192544,8.587302208,
68,0.395992544,2.753349066,
69,0.401792544,51.000000000,
70,0.407592544,2.696436882,
71,0.413392543,2.692469835,
72,0.419192543,8.115064621,
73,0.424992543,2.683634758,
74,0.430792543,2.703198671,
75,0.436592543,7.933482647,
76,0.442392543,7.977296352,
77,0.448192543,2.685019016,
78,0.453992543,8.772372246,
79,0.459792543,2.678944349,
80,0.465592543,2.653944492,
81,0.471392543,51.000000000,
82,0.477192543,51.000000000,
83,0.482992543,51.000000000,
84,0.488792542,51.000000000,
85,0.494592542,51.000000000,
86,0.500392542,51.000000000,
87,0.506192542,51.000000000,
88,0.511992542,51.000000000,
89,0.517792542,7.026765823,
90,0.523592542,51.000000000,
91,0.529392542,51.000000000,
92,0.535192542,11.293710709,
93,0.540992542,6.630123615,
94,0.546792542,6.616433620,
95,0.552592542,6.621657372,
96,0.558392542,6.605014324,
97,0.564192542,51.000000000,
98,0.569992541,10.597640991,
99,0.575792541,51.000000000,
100,0.581592541,10.490191460,
101,0.587392541,10.499488831,
102,0.593192541,51.000000000,
103,0.598992541,10.261740685,
104,0.604792541,51.000000000,
105,0.610592541,51.000000000,
106,0.616392541,6.084938049,
107,0.622192541,51.000000000,
108,0.627992541,9.915180206,
109,0.633792541,51.000000000,
110,0.639592541,51.000000000,
111,0.645392540,51.000000000,
112,0.651192540,51.000000000,
113,0.656992540,51.000000000,
114,0.662792540,51.000000000,
115,0.668592540,51.000000000,
116,0.674392540,51.000000000,
117,0.680192540,51.000000000,
118,0.685992540,51.000000000,
119,0.691792540,5.989205837,
120,0.697592540,6.016381264,
121,0.703392540,9.033822060,
122,0.709192540,9.135039330,
123,0.714992540,51.000000000,
124,0.720792540,1.839819789,
125,0.726592539,5.341905594,
126,0.732392539,1.835036635,
127,0.738192539,5.314460278,
128,0.743992539,5.303230762,
129,0.749792539,5.314780712,
130,0.755592539,1.764976025,
131,0.761392539,9.087726593,
132,0.767192539,51.000000000,
133,0.772992539,5.472689629,
134,0.778792539,5.321071625,
135,0.784592539,51.000000000,
136,0.790392539,1.647562027,
137,0.796192539,1.645815492,
138,0.801992539,1.657849312,
139,0.807792538,1.661627531,
140,0.813592538,51.000000000,
141,0.819392538,1.652579188,
142,0.825192538,1.649971604,
143,0.830992538,4.794122219,
144,0.836792538,1.724615216,
145,0.842592538,51.000000000,
146,0.848392538,51.000000000,
147,0.854192538,1.774023890,
148,0.859992538,51.000000000,
149,0.865792538,51.000000000,
150,0.871592538,51.000000000,
151,0.877392538,1.549364328,
152,0.883192537,4.640804768,
153,0.888992537,4.662341118,
154,0.894792537,4.655299187,
155,0.900592537,1.560085058,
156,0.906392537,51.000000000,
157,0.912192537,51.000000000,
158,0.917992537,1.588317990,
159,0.923792537,51.000000000,
160,0.929592537,11.069664955,
161,0.935392537,51.000000000,
162,0.941192537,7.858721733,
163,0.946992537,7.437320709,
164,0.952792537,51.000000000,
165,0.958592537,51.000000000,
166,0.964392536,4.581924915,
167,0.970192536,4.564309597,
168,0.975992536,4.626356125,
169,0.981792536,51.000000000,
170,0.987592536,51.000000000,
171,0.993392536,10.343648911,
172,0.999192536,51.000000000,
173,1.004992536,7.369334698,
174,1.010792536,7.363495350,
175,1.016592536,51.000000000,
176,1.022392536,51.000000000,
177,1.028192536,51.000000000,
178,1.033992536,51.000000000,
179,1.039792535,51.000000000,
180,1.045592535,10.290145874,
181,1.051392535,51.000000000,
182,1.057192535,51.000000000,
183,1.062992535,51.000000000,
184,1.068792535,51.000000000,
185,1.074592535,51.000000000,
186,1.080392535,51.000000000,
187,1.086192535,51.000000000,
188,1.091992535,9.965296745,
189,1.097792535,9.606950760,
190,1.103592535,51.000000000,
191,1.109392535,51.000000000,
192,1.115192535,6.821193695,
193,1.120992534,51.000000000,
194,1.126792534,51.000000000,
195,1.132592534,51.000000000,
196,1.138392534,51.000000000,
197,1.144192534,51.000000000,
198,1.149992534,51.000000000,
199,1.155792534,9.623064041,
200,1.161592534,51.000000000,
201,1.167392534,51.000000000,
202,1.173192534,11.926513672,
203,1.178992534,6.772232533,
204,1.184792534,4.050913334,
205,1.190592534,4.041047096,
206,1.196392533,4.067389488,
207,1.202192533,51.000000000,
208,1.207992533,51.000000000,
209,1.213792533,51.000000000,
210,1.219592533,51.000000000,
211,1.225392533,9.176370621,
212,1.231192533,9.231946945,
213,1.236992533,51.000000000,
214,1.242792533,51.000000000,
215,1.248592533,51.000000000,
216,1.254392533,3.978218794,
217,1.260192533,3.997007132,
218,1.265992533,3.982442856,
219,1.271792533,51.000000000,
220,1.277592532,51.000000000,
221,1.283392532,51.000000000,
222,1.289192532,9.163268089,
223,1.294992532,51.000000000,
224,1.300792532,51.000000000,
225,1.306592532,11.557669640,
226,1.312392532,6.400023460,
227,1.318192532,6.418604374,
228,1.323992532,51.000000000,
229,1.329792532,51.000000000,
230,1.335592532,51.000000000,
231,1.341392532,51.000000000,
232,1.347192532,51.000000000,
233,1.352992531,51.000000000,
234,1.358792531,51.000000000,
235,1.364592531,51.000000000,
236,1.370392531,51.000000000,
237,1.376192531,6.343304157,
238,1.381992531,6.384372234,
239,1.387792531,8.836956978,
240,1.393592531,51.000000000,
241,1.399392531,51.000000000,
242,1.405192531,51.000000000,
243,1.410992531,51.000000000,
244,1.416792531,51.000000000,
245,1.422592531,51.000000000,
246,1.428392531,11.265797615,
247,1.434192530,51.000000000,
248,1.439992530,51.000000000,
249,1.445792530,8.805329323,
250,1.451592530,51.000000000,
251,1.457392530,51.000000000,
252,1.463192530,51.000000000,
253,1.468992530,51.000000000,
254,1.474792530,51.000000000,
255,1.480592530,51.000000000,
256,1.486392530,51.000000000,
257,1.492192530,51.000000000,
258,1.497992530,51.000000000,
259,1.503792530,1.239152908,
260,1.509592530,1.238970399,
261,1.515392529,1.246376157,
262,1.521192529,1.241607428,
263,1.526992529,3.823019981,
264,1.532792529,1.259166002,
265,1.538592529,1.300771594,
266,1.544392529,8.777973175,
267,1.550192529,1.293422699,
268,1.555992529,3.787831306,
269,1.561792529,6.207285881,
270,1.567592529,6.225424767,
271,1.573392529,51.000000000,
272,1.579192529,51.000000000,
273,1.584992529,51.000000000,
274,1.590792528,51.000000000,
275,1.596592528,51.000000000,
276,1.602392528,51.000000000,
277,1.608192528,51.000000000,
278,1.613992528,51.000000000,
279,1.619792528,51.000000000,
280,1.625592528,8.844987869,
281,1.631392528,51.000000000,
282,1.637192528,51.000000000,
283,1.642992528,51.000000000,
284,1.648792528,51.000000000,
285,1.654592528,51.000000000,
286,1.660392528,51.000000000,
287,1.666192528,6.340323448,
288,1.671992527,6.309549332,
289,1.677792527,51.000000000,
290,1.683592527,51.000000000,
291,1.689392527,51.000000000,
292,1.695192527,51.000000000,
293,1.700992527,8.928826332,
294,1.706792527,8.924731255,
295,1.712592527,51.000000000,
296,1.718392527,51.000000000,
297,1.724192527,51.000000000,
298,1.729992527,51.000000000,
299,1.735792527,51.000000000,
300,1.741592527,51.000000000,
301,1.747392526,3.890474796,
302,1.753192526,3.904038906,
303,1.758992526,3.905800581,
304,1.764792526,3.928183079,
305,1.770592526,3.873902798,
306,1.776392526,51.000000000,
307,1.782192526,51.000000000,
308,1.787992526,51.000000000,
309,1.793792526,51.000000000,
310,1.799592526,51.000000000,
311,1.805392526,51.000000000,
312,1.811192526,51.000000000,
313,1.816992526,51.000000000,
314,1.822792526,9.554512024,
315,1.828592525,9.544039726,
316,1.834392525,9.565479279,
317,1.840192525,9.622822762,
318,1.845992525,9.590342522,
319,1.851792525,9.574805260,
320,1.857592525,9.556254387,
321,1.863392525,51.000000000,
322,1.869192525,51.000000000,
323,1.874992525,51.000000000,
324,1.880792525,51.000000000,
325,1.886592525,51.000000000,
326,1.892392525,51.000000000,
327,1.898192525,4.067945480,
328,1.903992524,4.089939117,
329,1.909792524,4.094144344,
330,1.915592524,8.350726128,
331,1.921392524,10.455318451,
332,1.927192524,51.000000000,
333,1.932992524,9.463125229,
334,1.938792524,9.301536560,
335,1.944592524,9.368501663,
336,1.950392524,51.000000000,
337,1.956192524,9.221885681,
338,1.961992524,9.160023689,
339,1.967792524,11.028217316,
340,1.973592524,51.000000000,
341,1.979392524,51.000000000,
342,1.985192523,11.270805359,
343,1.990992523,5.679606915,
344,1.996792523,51.000000000,
345,2.002592523,6.764585972,
346,2.008392523,6.792339325,
347,2.014192523,10.614901543,
348,2.019992523,51.000000000,
349,2.025792523,10.675409317,
350,2.031592523,10.757074356,
351,2.037392523,10.675897598,
352,2.043192523,51.000000000,
353,2.048992523,51.000000000,
354,2.054792523,10.220463753,
355,2.060592523,10.134200096,
356,2.066392522,9.890092850,
357,2.072192522,10.111429214,
358,2.077992522,10.019098282,
359,2.083792522,9.686018944,
360,2.089592522,9.374903679,
361,2.095392522,9.429324150,
362,2.101192522,1.565278888,
363,2.106992522,9.317362785,
364,2.112792522,1.541780233,
365,2.118592522,1.545961380,
366,2.124392522,1.559357285,
367,2.130192522,1.550920486,
368,2.135992522,1.575011611,
369,2.141792521,9.010857582,
370,2.147592521,9.136993408,
371,2.153392521,8.999393463,
372,2.159192521,8.474212646,
373,2.164992521,51.000000000,
374,2.170792521,10.055220604,
375,2.176592521,51.000000000,
376,2.182392521,1.653626323,
377,2.188192521,1.655718207,
378,2.193992521,1.653145194,
379,2.199792521,9.680063248,
380,2.205592521,9.727034569,
381,2.211392521,9.675054550,
382,2.217192521,9.671014786,
383,2.222992520,5.532714844,
384,2.228792520,51.000000000,
385,2.234592520,51.000000000,
386,2.240392520,51.000000000,
387,2.246192520,51.000000000,
388,2.251992520,9.500363350,
389,2.257792520,9.379225731,
390,2.263592520,9.343008041,
391,2.269392520,9.198831558,
392,2.275192520,9.090605736,
393,2.280992520,9.075297356,
394,2.286792520,9.089947701,
395,2.292592520,9.058599472,
396,2.298392519,9.023228645,
397,2.304192519,8.955850601,
398,2.309992519,51.000000000,
399,2.315792519,51.000000000,
400,2.321592519,51.000000000,
401,2.327392519,8.866441727,
402,2.333192519,8.844885826,
403,2.338992519,51.000000000,
404,2.344792519,3.988322735,
405,2.350592519,3.959748030,
406,2.356392519,3.926160336,
407,2.362192519,3.936436415,
408,2.367992519,8.577077866,
409,2.373792519,1.941658616,
410,2.379592518,1.976807117,
411,2.385392518,1.978989601,
412,2.391192518,8.176252365,
413,2.396992518,8.046424866,
414,2.402792518,8.317437172,
415,2.408592518,8.374501228,
416,2.414392518,8.416544914,
417,2.420192518,7.360897541,
418,2.425992518,8.152651787,
419,2.431792518,8.147631645,
420,2.437592518,8.044610023,
421,2.443392518,8.277389526,
422,2.449192518,8.218280792,
423,2.454992517,8.195139885,
424,2.460792517,8.184970856,
425,2.466592517,8.185773849,
426,2.472392517,8.228545189,
427,2.478192517,8.223300934,
428,2.483992517,8.027057648,
429,2.489792517,7.946769714,
430,2.495592517,8.025435448,
431,2.501392517,7.912101269,
432,2.507192517,7.637757778,
433,2.512992517,7.808912277,
434,2.518792517,7.810461044,
435,2.524592517,7.911977291,
436,2.530392517,7.899478436,
437,2.536192516,7.860954762,
438,2.541992516,7.772409916,
439,2.547792516,7.735835075,
440,2.553592516,7.750232220,
441,2.559392516,7.703955650,
442,2.565192516,7.673278809,
443,2.570992516,51.000000000,
444,2.576792516,4.673702240,
445,2.582592516,4.664953709,
446,2.588392516,4.635182858,
447,2.594192516,4.592388630,
448,2.599992516,4.584727287,
449,2.605792516,4.568861961,
450,2.611592515,4.565973282,
451,2.617392515,4.349127293,
452,2.623192515,4.323169231,
453,2.628992515,4.316187859,
454,2.634792515,4.312183857,
455,2.640592515,4.297157288,
456,2.646392515,4.272035599,
457,2.652192515,51.000000000,
458,2.657992515,7.303915977,
459,2.663792515,7.491630554,
460,2.669592515,7.446451664,
461,2.675392515,7.385247231,
462,2.681192515,7.285019398,
463,2.686992515,7.328764439,
464,2.692792514,7.330484390,
465,2.698592514,7.307181358,
466,2.704392514,7.245500565,
467,2.710192514,7.139127254,
468,2.715992514,7.167723656,
469,2.721792514,7.204291821,
470,2.727592514,7.287832260,
471,2.733392514,7.143366814,
472,2.739192514,6.952358246,
473,2.744992514,6.877818108,
474,2.750792514,6.958233356,
475,2.756592514,6.955633640,
476,2.762392514,7.094988823,
477,2.768192514,7.100336552,
478,2.773992513,7.089663506,
479,2.779792513,7.149951935,
480,2.785592513,7.156225204,
481,2.791392513,7.134480000,
482,2.797192513,7.167898178,
483,2.802992513,7.163075447,
484,2.808792513,7.172224045,
485,2.814592513,7.132361412,
486,2.820392513,7.135462761,
487,2.826192513,7.141538620,
488,2.831992513,6.732774734,
489,2.837792513,6.746780396,
490,2.843592513,6.749766827,
491,2.849392512,6.888666153,
492,2.855192512,7.025539875,
493,2.860992512,6.739586830,
494,2.866792512,6.851418972,
495,2.872592512,2.452461481,
496,2.878392512,2.391564608,
497,2.884192512,2.403255701,
498,2.889992512,2.393859625,
499,2.895792512,2.387651443,
500,2.901592512,2.380139589,
501,2.907392512,2.374873877,
502,2.913192512,2.401261568,
503,2.918992512,2.383316517,
504,2.924792512,6.814215660,
505,2.930592511,6.972660065,
506,2.936392511,2.522378683,
507,2.942192511,2.618922472,
508,2.947992511,2.602572441,
509,2.953792511,2.613923311,
510,2.959592511,2.572668076,
511,2.965392511,2.576027155,
512,2.971192511,2.568494797,
513,2.976992511,2.586633682,
514,2.982792511,2.585302114,
515,2.988592511,2.580658913,
516,2.994392511,51.000000000,
517,3.000192511,51.000000000,
518,3.005992510,51.000000000,
519,3.011792510,51.000000000,
520,3.017592510,51.000000000,
521,3.023392510,51.000000000,
522,3.029192510,51.000000000,
523,3.034992510,51.000000000,
524,3.040792510,51.000000000,
525,3.046592510,51.000000000,
526,3.052392510,51.000000000,
527,3.058192510,51.000000000,
528,3.063992510,51.000000000,
529,3.069792510,51.000000000,
530,3.075592510,51.000000000,
531,3.081392510,51.000000000,
532,3.087192509,51.000000000,
533,3.092992509,6.960661411,
534,3.098792509,6.974458218,
535,3.104592509,6.939322948,
536,3.110392509,6.957067013,
537,3.116192509,6.982771873,
538,3.121992509,6.974518776,
539,3.127792509,6.977906704,
540,3.133592509,6.933662415,
541,3.139392509,6.897383213,
542,3.145192509,6.930932045,
543,3.150992509,6.979423523,
544,3.156792509,6.820917606,
545,3.162592508,6.769579411,
546,3.168392508,6.742164612,
547,3.174192508,6.755625725,
548,3.179992508,6.754103184,
549,3.185792508,2.309213877,
550,3.191592508,2.318212032,
551,3.197392508,2.256530523,
552,3.203192508,2.272170067,
553,3.208992508,2.225852966,
554,3.214792508,2.206151247,
555,3.220592508,2.255762577,
556,3.226392508,2.258007050,
557,3.232192508,6.842384815,
558,3.237992508,2.288805008,
559,3.243792507,6.954494953,
560,3.249592507,7.024475574,
561,3.255392507,2.391652346,
562,3.261192507,4.900080204,
563,3.266992507,2.482222319,
564,3.272792507,2.485108376,
565,3.278592507,6.876610279,
566,3.284392507,2.478232622,
567,3.290192507,2.488743782,
568,3.295992507,51.000000000,
569,3.301792507,51.000000000,
570,3.307592507,7.193609715,
571,3.313392507,7.154684544,
572,3.319192506,7.158510208,
573,3.324992506,7.097605705,
574,3.330792506,7.098474503,
575,3.336592506,7.115267277,
576,3.342392506,7.103141308,
577,3.348192506,7.116903305,
578,3.353992506,7.199401379,
579,3.359792506,51.000000000,
580,3.365592506,51.000000000,
581,3.371392506,51.000000000,
582,3.377192506,51.000000000,
583,3.382992506,51.000000000,
584,3.388792506,7.852740288,
585,3.394592506,7.823170662,
586,3.400392505,51.000000000,
587,3.406192505,7.838518620,
588,3.411992505,7.726198673,
589,3.417792505,7.794460773,
590,3.423592505,7.938557148,
591,3.429392505,7.959972382,
592,3.435192505,7.969438076,
593,3.440992505,8.011842728,
594,3.446792505,7.974466324,
595,3.452592505,7.868291855,
596,3.458392505,7.911752701,
597,3.464192505,7.878437042,
598,3.469992505,7.878055573,
599,3.475792505,7.059899330,
600,3.481592504,7.064224243,
601,3.487392504,7.044643879,
602,3.493192504,7.047938824,
603,3.498992504,7.094015121,
604,3.504792504,7.159979343,
605,3.510592504,7.252804279,
606,3.516392504,7.292855740,
607,3.522192504,7.320943356,
608,3.527992504,7.336071968,
609,3.533792504,7.314352989,
610,3.539592504,7.334424019,
611,3.545392504,7.396285534,
612,3.551192504,7.460122585,
613,3.556992503,7.451273918,
614,3.562792503,7.450372696,
615,3.568592503,7.470358849,
616,3.574392503,7.453500271,
617,3.580192503,7.423688412,
618,3.585992503,7.334154606,
619,3.591792503,7.347113609,
620,3.597592503,7.968180656,
621,3.603392503,7.422729015,
622,3.609192503,7.503307343,
623,3.614992503,7.487338066,
624,3.620792503,7.494242191,
625,3.626592503,7.491180420,
626,3.632392503,7.510990620,
627,3.638192502,7.562630177,
628,3.643992502,7.553551674,
629,3.649792502,7.546298504,
630,3.655592502,7.532204151,
631,3.661392502,7.549935341,
632,3.667192502,7.552727699,
633,3.672992502,7.582369328,
634,3.678792502,7.643837452,
635,3.684592502,7.620716572,
636,3.690392502,7.646336555,
637,3.696192502,7.652043343,
638,3.701992502,7.677636147,
639,3.707792502,7.679336071,
640,3.713592501,7.689977169,
641,3.719392501,7.713539600,
642,3.725192501,7.758978367,
643,3.730992501,7.737741470,
644,3.736792501,7.755295753,
645,3.742592501,7.818605900,
646,3.748392501,7.841109276,
647,3.754192501,7.950685024,
648,3.759992501,7.879116058,
649,3.765792501,7.890338898,
650,3.771592501,7.905692577,
651,3.777392501,7.911100388,
652,3.783192501,7.881668091,
653,3.788992501,8.001615524,
654,3.794792500,8.041090965,
655,3.800592500,8.134158134,
656,3.806392500,8.193382263,
657,3.812192500,8.256578445,
658,3.817992500,8.284930229,
659,3.823792500,8.255542755,
660,3.829592500,8.408292770,
661,3.835392500,8.525214195,
662,3.841192500,8.536555290,
663,3.846992500,51.000000000,
664,3.852792500,7.936650753,
665,3.858592500,8.664884567,
666,3.864392500,8.740962982,
667,3.870192499,8.781188965,
668,3.875992499,8.843314171,
669,3.881792499,8.941282272,
670,3.887592499,8.374384880,
671,3.893392499,8.302328110,
672,3.899192499,9.100711823,
673,3.904992499,9.176750183,
674,3.910792499,9.633598328,
675,3.916592499,1.626224756,
676,3.922392499,1.623298526,
677,3.928192499,9.343071938,
678,3.933992499,1.616556287,
679,3.939792499,1.650786757,
680,3.945592499,9.724552155,
681,3.951392498,1.644218087,
682,3.957192498,1.637931466,
683,3.962992498,1.649052143,
684,3.968792498,1.652856350,
685,3.974592498,9.834686279,
686,3.980392498,10.045778275,
687,3.986192498,10.226424217,
688,3.991992498,10.161880493,
689,3.997792498,1.517396212,
690,4.003592498,10.437452316,
691,4.009392498,1.507026672,
692,4.015192498,1.500554085,
693,4.020992498,1.502619267,
694,4.026792497,1.504686475,
695,4.032592497,1.492208958,
696,4.038392497,11.170342445,
697,4.044192497,11.308159828,
698,4.049992497,1.496517420,
699,4.055792497,11.387327194,
700,4.061592497,11.495223999,
701,4.067392497,1.562557459,
702,4.073192497,1.570057988,
703,4.078992497,1.567701221,
704,4.084792497,51.000000000,
705,4.090592497,51.000000000,
706,4.096392497,16.036334991,
707,4.102192497,51.000000000,
708,4.107992496,51.000000000,
709,4.113792496,51.000000000,
710,4.119592496,51.000000000,
711,4.125392496,51.000000000,
712,4.131192496,51.000000000,
713,4.136992496,51.000000000,
714,4.142792496,51.000000000,
715,4.148592496,51.000000000,
716,4.154392496,16.524141312,
717,4.160192496,16.475059509,
718,4.165992496,51.000000000,
719,4.171792496,11.314630508,
720,4.177592496,11.267893791,
721,4.183392496,11.487439156,
722,4.189192495,51.000000000,
723,4.194992495,51.000000000,
724,4.200792495,51.000000000,
725,4.206592495,51.000000000,
726,4.212392495,51.000000000,
727,4.218192495,51.000000000,
728,4.223992495,51.000000000,
729,4.229792495,51.000000000,
730,4.235592495,11.221674919,
731,4.241392495,11.194613457,
732,4.247192495,11.267273903,
733,4.252992495,11.377833366,
734,4.258792495,11.573175430,
735,4.264592494,51.000000000,
736,4.270392494,51.000000000,
737,4.276192494,51.000000000,
738,4.281992494,51.000000000,
739,4.287792494,51.000000000,
740,4.293592494,51.000000000,
741,4.299392494,51.000000000,
742,4.305192494,51.000000000,
743,4.310992494,51.000000000,
744,4.316792494,51.000000000,
745,4.322592494,51.000000000,
746,4.328392494,51.000000000,
747,4.334192494,51.000000000,
748,4.339992494,51.000000000,
749,4.345792493,51.000000000,
750,4.351592493,51.000000000,
751,4.357392493,51.000000000,
752,4.363192493,51.000000000,
753,4.368992493,51.000000000,
754,4.374792493,51.000000000,
755,4.380592493,3.739242077,
756,4.386392493,3.727621317,
757,4.392192493,3.711113930,
758,4.397992493,3.691677809,
759,4.403792493,51.000000000,
760,4.409592493,3.785782576,
761,4.415392493,3.730120659,
762,4.421192492,3.755730629,
763,4.426992492,3.751976490,
764,4.432792492,3.741373062,
765,4.438592492,3.808645010,
766,4.444392492,51.000000000,
767,4.450192492,3.743133783,
768,4.455992492,3.724440575,
769,4.461792492,51.000000000,
770,4.467592492,51.000000000,
771,4.473392492,3.781203032,
772,4.479192492,51.000000000,
773,4.484992492,3.757586718,
774,4.490792492,3.769071817,
775,4.496592492,3.789097786,
776,4.502392491,51.000000000,
777,4.508192491,51.000000000,
778,4.513992491,1.236667275,
779,4.519792491,1.243613243,
780,4.525592491,51.000000000,
781,4.531392491,1.238115191,
782,4.537192491,51.000000000,
783,4.542992491,51.000000000,
784,4.548792491,1.245651484,
785,4.554592491,51.000000000,
786,4.560392491,51.000000000,
787,4.566192491,1.227080107,
788,4.571992491,1.228542209,
789,4.577792490,51.000000000,
790,4.583592490,51.000000000,
791,4.589392490,51.000000000,
792,4.595192490,51.000000000,
793,4.600992490,51.000000000,
794,4.606792490,51.000000000,
795,4.612592490,51.000000000,
796,4.618392490,51.000000000,
797,4.624192490,51.000000000,
798,4.629992490,51.000000000,
799,4.635792490,51.000000000,
800,4.641592490,51.000000000,
801,4.647392490,51.000000000,
802,4.653192490,51.000000000,
803,4.658992489,51.000000000,
804,4.664792489,51.000000000,
805,4.670592489,51.000000000,
806,4.676392489,51.000000000,
807,4.682192489,3.606317997,
808,4.687992489,3.642788649,
809,4.693792489,3.600275517,
810,4.699592489,3.680989265,
811,4.705392489,51.000000000,
812,4.711192489,51.000000000,
813,4.716992489,18.255729675,
814,4.722792489,18.208984375,
815,4.728592489,18.135242462,
816,4.734392488,18.233348846,
817,4.740192488,18.334442139,
818,4.745992488,18.353586197,
819,4.751792488,18.284784317,
820,4.757592488,51.000000000,
821,4.763392488,51.000000000,
822,4.769192488,51.000000000,
823,4.774992488,51.000000000,
824,4.780792488,51.000000000,
825,4.786592488,51.000000000,
826,4.792392488,51.000000000,
827,4.798192488,51.000000000,
828,4.803992488,51.000000000,
829,4.809792488,51.000000000,
830,4.815592487,51.000000000,
831,4.821392487,51.000000000,
832,4.827192487,51.000000000,
833,4.832992487,51.000000000,
834,4.838792487,51.000000000,
835,4.844592487,51.000000000,
836,4.850392487,51.000000000,
837,4.856192487,51.000000000,
838,4.861992487,51.000000000,
839,4.867792487,51.000000000,
840,4.873592487,51.000000000,
841,4.879392487,51.000000000,
842,4.885192487,51.000000000,
843,4.890992487,51.000000000,
844,4.896792486,51.000000000,
845,4.902592486,20.494522095,
846,4.908392486,3.881844997,
847,4.914192486,3.842308283,
848,4.919992486,3.825346947,
849,4.925792486,3.772036076,
850,4.931592486,3.767801762,
851,4.937392486,51.000000000,
852,4.943192486,3.837516785,
853,4.948992486,3.836165667,
854,4.954792486,3.831847906,
855,4.960592486,3.837343693,
856,4.966392486,3.843806744,
857,4.972192485,4.050196648,
858,4.977992485,4.051702023,
859,4.983792485,4.056147099,
860,4.989592485,51.000000000,
861,4.995392485,51.000000000,
862,5.001192485,51.000000000,
863,5.006992485,51.000000000,
864,5.012792485,3.753597498,
865,5.018592485,3.758889675,
866,5.024392485,3.754323721,
867,5.030192485,3.794036627,
868,5.035992485,51.000000000,
869,5.041792485,51.000000000,
870,5.047592485,51.000000000,
871,5.053392484,3.927812338,
872,5.059192484,3.936921835,
873,5.064992484,3.937134266,
874,5.070792484,3.926646709,
875,5.076592484,51.000000000,
876,5.082392484,51.000000000,
877,5.088192484,4.035807133,
878,5.093992484,4.001314163,
879,5.099792484,3.969764709,
880,5.105592484,3.969809532,
881,5.111392484,4.000473976,
882,5.117192484,4.053871632,
883,5.122992484,4.068686962,
884,5.128792483,4.067658424,
885,5.134592483,4.066609859,
886,5.140392483,4.085236549,
887,5.146192483,20.431289673,
888,5.151992483,4.066174984,
889,5.157792483,4.068986416,
890,5.163592483,4.067818165,
891,5.169392483,4.072353840,
892,5.175192483,4.055277348,
893,5.180992483,4.040159225,
894,5.186792483,4.158499241,
895,5.192592483,4.169096470,
896,5.198392483,4.186617851,
897,5.204192483,4.194205761,
898,5.209992482,4.227185249,
899,5.215792482,51.000000000,
900,5.221592482,51.000000000,
901,5.227392482,51.000000000,
902,5.233192482,51.000000000,
903,5.238992482,51.000000000,
904,5.244792482,51.000000000,
905,5.250592482,51.000000000,
906,5.256392482,51.000000000,
907,5.262192482,51.000000000,
908,5.267992482,51.000000000,
909,5.273792482,51.000000000,
910,5.279592482,51.000000000,
911,5.285392481,51.000000000,
912,5.291192481,51.000000000,
913,5.296992481,51.000000000,
914,5.302792481,51.000000000,
915,5.308592481,51.000000000,
916,5.314392481,51.000000000,
917,5.320192481,51.000000000,
918,5.325992481,51.000000000,
919,5.331792481,51.000000000,
920,5.337592481,51.000000000,
921,5.343392481,4.487665653,
922,5.349192481,51.000000000,
923,5.354992481,51.000000000,
924,5.360792481,51.000000000,
925,5.366592480,51.000000000,
926,5.372392480,51.000000000,
927,5.378192480,4.624766350,
928,5.383992480,4.624627590,
929,5.389792480,4.628453732,
930,5.395592480,21.782752991,
931,5.401392480,51.000000000,
932,5.407192480,51.000000000,
933,5.412992480,51.000000000,
934,5.418792480,51.000000000,
935,5.424592480,21.500368118,
936,5.430392480,51.000000000,
937,5.436192480,1.765257359,
938,5.441992479,1.747597218,
939,5.447792479,1.721252441,
940,5.453592479,1.724709272,
941,5.459392479,1.730624199,
942,5.465192479,1.680995703,
943,5.470992479,1.713323355,
944,5.476792479,51.000000000,
945,5.482592479,51.000000000,
946,5.488392479,51.000000000,
947,5.494192479,51.000000000,
948,5.499992479,5.132131100,
949,5.505792479,1.699302673,
950,5.511592479,1.690854669,
951,5.517392479,1.680439115,
952,5.523192478,5.364367962,
953,5.528992478,5.401507378,
954,5.534792478,5.460606575,
955,5.540592478,51.000000000,
956,5.546392478,5.547776222,
957,5.552192478,5.514951229,
958,5.557992478,5.508994579,
959,5.563792478,5.519003391,
960,5.569592478,5.585953236,
961,5.575392478,51.000000000,
962,5.581192478,51.000000000,
963,5.586992478,51.000000000,
964,5.592792478,51.000000000,
965,5.598592478,51.000000000,
966,5.604392477,51.000000000,
967,5.610192477,51.000000000,
968,5.615992477,51.000000000,
969,5.621792477,51.000000000,
970,5.627592477,51.000000000,
971,5.633392477,5.907628059,
972,5.639192477,5.950285435,
973,5.644992477,51.000000000,
974,5.650792477,51.000000000,
975,5.656592477,51.000000000,
976,5.662392477,51.000000000,
977,5.668192477,51.000000000,
978,5.673992477,6.723680496,
979,5.679792476,6.725140572,
980,5.685592476,6.671578884,
981,5.691392476,51.000000000,
982,5.697192476,6.691372395,
983,5.702992476,nan,
984,5.708792476,6.659381390,
985,5.714592476,nan,
986,5.720392476,nan,
987,5.726192476,nan,
988,5.731992476,nan,
989,5.737792476,nan,
990,5.743592476,22.396839142,
991,5.749392476,22.360960007,
992,5.755192476,22.431058884,
993,5.760992475,22.455127716,
994,5.766792475,22.376174927,
995,5.772592475,51.000000000,
996,5.778392475,22.246179581,
997,5.784192475,22.263141632,
998,5.789992475,22.262077332,
999,5.795792475,51.000000000,
1000,5.801592475,7.841750622,
1001,5.807392475,7.846589088,
1002,5.813192475,8.097399712,
1003,5.818992475,8.115186691,
1004,5.824792475,8.085948944,
1005,5.830592475,51.000000000,
1006,5.836392474,22.270269394,
1007,5.842192474,2.856335402,
1008,5.847992474,2.900967360,
1009,5.853792474,2.900597572,
1010,5.859592474,2.814425945,
1011,5.865392474,2.784004450,
1012,5.871192474,51.000000000,
1013,5.876992474,51.000000000,
1014,5.882792474,51.000000000,
1015,5.888592474,51.000000000,
1016,5.894392474,51.000000000,
1017,5.900192474,51.000000000,
1018,5.905992474,23.584424973,
1019,5.911792474,51.000000000,
1020,5.917592473,51.000000000,
1021,5.923392473,51.000000000,
1022,5.929192473,51.000000000,
1023,5.934992473,51.000000000,
1024,5.940792473,51.000000000,
1025,5.946592473,10.216192245,
1026,5.952392473,10.836255074,
1027,5.958192473,10.828364372,
1028,5.963992473,51.000000000,
1029,5.969792473,11.591408730,
1030,5.975592473,51.000000000,
1031,5.981392473,51.000000000,
1032,5.987192473,51.000000000,
1033,5.992992472,4.138381481,
1034,5.998792472,4.133302689,
1035,6.004592472,4.116222858,
1036,6.010392472,4.224907398,
1037,6.016192472,4.361519337,
1038,6.021992472,51.000000000,
1039,6.027792472,4.652869701,
1040,6.033592472,51.000000000,
1041,6.039392472,51.000000000,
1042,6.045192472,4.829524994,
1043,6.050992472,4.825201988,
1044,6.056792472,4.856795788,
1045,6.062592472,51.000000000,
1046,6.068392472,51.000000000,
1047,6.074192471,5.553934097,
1048,6.079992471,5.509538651,
1049,6.085792471,5.508061886,
1050,6.091592471,51.000000000,
1051,6.097392471,51.000000000,
1052,6.103192471,51.000000000,
1053,6.108992471,51.000000000,
1054,6.114792471,5.912680149,
1055,6.120592471,5.893074989,
1056,6.126392471,51.000000000,
1057,6.132192471,51.000000000,
1058,6.137992471,51.000000000,
1059,6.143792471,51.000000000,
1060,6.149592470,7.431231499,
1061,6.155392470,7.470385551,
1062,6.161192470,7.391644955,
1063,6.166992470,51.000000000,
1064,6.172792470,51.000000000,
1065,6.178592470,51.000000000,
1066,6.184392470,9.613883018,
1067,6.190192470,9.771823883,
1068,6.195992470,10.416418076,
1069,6.201792470,10.140592575,
1070,6.207592470,10.006661415,
1071,6.213392470,51.000000000,
1072,6.219192470,51.000000000,
1073,6.224992470,51.000000000,
1074,6.230792469,15.104014397,
1075,6.236592469,51.000000000,
1076,6.242392469,51.000000000,
1077,6.248192469,51.000000000,
1078,6.253992469,51.000000000,
1079,6.259792469,51.000000000,
1080,6.265592469,51.000000000,
1081,6.271392469,51.000000000,
1082,6.277192469,51.000000000,
